304
19
4
401
112
3
641
17
4
681
39
0
560
16
4
920
111
2
1648
279
0
1995
18
4
2029
17
4
2159
177
4
2199
159
2
739
18
4
2679
18
4
2080
435
3
2497
600
0
2539
598
0
2578
599
0
2181
479
0
2277
429
2
2493
276
0
2531
278
0
3040
265
2
2999
299
4
3004
17
4
3176
19
4
3505
18
4
3790
17
4
3603
32
3
3601
65
3
3600
103
3
3678
22
2
3678
59
2
3680
98
2
1758
278
0
2200
558
3
2278
556
2
2616
578
4
3000
440
1
2881
276
3
2960
168
3
3269
39
0
3403
40
0
1359
154
2
845
117
3
2042
398
3
1329
173
4
440
441
5
1561
201
5
1602
202
5
1643
201
5
1683
201
5
1724
201
5
1759
201
5
2400
200
5
2439
200
5
2481
200
5
2521
202
5
2559
202
5
2602
201
5
2638
200
5
2438
1011
5
3640
922
5
3119
921
5
3082
921
5
2120
881
5
2279
319
5
1279
880
5
2320
319
5
